sprite25,0,0,16,16
sprite26,16,0,16,16
sprite27,32,0,16,16
sprite28,48,0,16,16
sprite29,64,0,16,16
sprite30,80,0,16,16
sprite31,96,0,16,16
sprite32,112,0,16,16
sprite33,128,0,16,16
sprite34,144,0,16,16
sprite35,0,16,16,16
sprite36,16,16,16,16
sprite37,32,16,16,16
sprite38,48,16,16,16
sprite39,64,16,16,16
sprite40,80,16,16,16
sprite41,96,16,16,16
sprite42,112,16,16,16
sprite43,128,16,16,16
sprite44,144,16,16,16
sprite45,0,32,16,16
sprite46,16,32,16,16
sprite47,32,32,16,16
sprite48,48,32,16,16
sprite49,64,32,16,16
sprite50,80,32,16,16
sprite51,96,32,16,16
sprite52,112,32,16,16
sprite53,128,32,16,16
sprite54,144,32,16,16
sprite55,0,48,16,16
sprite56,16,48,16,16
sprite57,32,48,16,16
sprite58,48,48,16,16
sprite59,64,48,16,16
sprite60,80,48,16,16
sprite61,96,48,16,16
sprite62,112,48,16,16
sprite63,128,48,16,16
sprite64,144,48,16,16
sprite65,0,64,16,16
sprite66,16,64,16,16
sprite67,32,64,16,16
sprite68,48,64,16,16
sprite69,64,64,16,16
sprite70,80,64,16,16
sprite71,96,64,16,16
sprite72,112,64,16,16
sprite73,128,64,16,16
sprite74,144,64,16,16
sprite75,0,80,16,16
sprite76,16,80,16,16
sprite77,32,80,16,16
sprite78,48,80,16,16
sprite79,64,80,16,16
sprite80,80,80,16,16
sprite81,96,80,16,16
sprite82,112,80,16,16
sprite83,128,80,16,16
sprite84,144,80,16,16
sprite85,0,96,16,16
sprite86,16,96,16,16
sprite87,32,96,16,16
sprite88,48,96,16,16
sprite89,64,96,16,16
sprite90,80,96,16,16
sprite91,96,96,16,16
sprite92,112,96,16,16
sprite93,128,96,16,16
roof,144,96,16,16
sprite95,0,112,16,16
sprite96,16,112,16,16
sprite97,32,112,16,16
sprite98,48,112,16,16
sprite99,64,112,16,16
sprite100,80,112,16,16
sprite101,96,112,16,16
sprite102,112,112,16,16
wall,128,112,16,16
floor,144,112,16,16
sprite105,0,128,16,16
sprite106,16,128,16,16
sprite107,32,128,16,16
sprite108,48,128,16,16
sprite109,64,128,16,16
sprite110,80,128,16,16
sprite111,96,128,16,16
sprite112,112,128,16,16
sprite113,128,128,16,16
sprite114,144,128,16,16
sprite115,0,144,16,16
sprite116,16,144,16,16
sprite117,32,144,16,16
sprite118,48,144,16,16
sprite119,64,144,16,16
sprite120,80,144,16,16
sprite121,96,144,16,16
sprite122,112,144,16,16
sprite123,128,144,16,16
sprite124,144,144,16,16